4294967294,50
4294967294,82
4294967294,104
4294967294,106
4294967294,180
4294967294,175
4294967294,183
4294967294,176
4294967294,1416
4294967294,12
4294967294,68
4294967294,11
4294967294,99
6,1
4294967279,291
17,1
13,6
13,7
13,5
13,8
15,6
14,6
15,4
6,4
11,4
11,6
17,4
13,4
9,5
9,4
14,4
9,6
9,1
4294967278,260
4294967279,0
4294967279,260
4294967278,278
4294967278,0
12,3
13,9
13,0
4294967279,283
13,2
4294967294,1418
4294967294,470
4294967294,1419
4294967294,909
4294967294,186
17,3
4294967279,272
4294967294,1417
4294967294,1422
4294967294,1421
13,3
4294967279,406
4294967294,9
13,1
0,7
4294967294,7
4294967294,6
4294967294,22
4294967294,971
4294967294,5
4294967278,132
4294967278,131
4294967278,130
4294967278,129
4294967278,128
4294967278,127
4294967278,126
4294967278,125
4294967278,124
4294967278,123
4294967278,122
4294967278,121
4294967278,120
4294967278,119
4294967278,118
4294967278,117
4294967278,116
4294967278,115
4294967278,114
4294967278,113
4294967278,112
4294967278,111
4294967278,110
4294967278,109
4294967278,108
4294967278,107
4294967278,106
4294967278,105
4294967278,104
4294967278,103
4294967278,102
4294967278,101
4294967278,100
4294967278,99
4294967278,98
4294967278,97
4294967278,96
4294967278,95
4294967278,94
4294967278,93
4294967278,92
4294967278,91
4294967278,90
4294967278,89
4294967278,87
4294967278,86
4294967278,85
4294967278,84
4294967278,83
4294967278,82
4294967278,81
4294967278,80
4294967278,79
4294967278,78
4294967278,77
4294967278,76
4294967278,75
4294967278,74
4294967278,73
4294967278,72
4294967278,71
4294967278,70
4294967278,69
4294967278,68
4294967278,67
4294967278,66
4294967278,65
4294967278,64
4294967278,63
4294967278,62
4294967278,61
4294967278,60
4294967278,59
4294967278,58
4294967278,57
4294967278,56
4294967278,55
4294967278,54
4294967278,53
4294967278,52
4294967278,51
4294967278,50
4294967278,49
4294967278,48
4294967278,47
4294967279,54
4294967279,52
4294967279,50
4294967279,48
4294967279,44
4294967279,37
4294967279,35
4294967279,29
4294967279,28
4294967279,26
4294967279,25
4294967279,24
4294967279,22
4294967279,19
4294967279,18
4294967279,16
4294967279,13
4294967279,11
4294967279,8
4294967279,7
4294967279,6
4294967279,5
4294967279,4
4294967294,425
4294967294,0
4294967294,429
4294967294,8
4294967294,25
4294967279,269
4294967294,91
4294967294,88
4294967294,85
4294967294,83
4294967294,413
4294967294,956
4294967294,29
4294967294,923
4294967294,28
4294967294,924
4294967294,27
4294967294,393
4294967294,1
4294967294,44
0,5
4294967294,93
4294967294,95
15,1
4294967294,17
4294967294,67
4294967294,36
4294967294,41
4294967294,417
4294967294,52
4294967294,26
4294967294,39
15,7
4294967294,471
4294967278,529
4294967293,131
4294967293,130
4294967293,129
4294967293,128
4294967293,127
4294967293,126
4294967293,125
4294967293,124
4294967293,123
4294967293,122
4294967293,121
4294967293,120
4294967293,119
4294967293,118
4294967293,117
4294967293,116
4294967293,115
4294967293,114
4294967293,113
4294967293,112
4294967293,111
4294967293,110
4294967293,109
4294967293,108
4294967293,107
4294967293,106
4294967293,105
4294967293,104
4294967293,103
4294967293,102
4294967293,101
4294967293,100
4294967293,99
4294967293,98
4294967293,97
4294967293,96
4294967293,95
4294967293,94
4294967293,93
4294967293,92
4294967293,91
4294967293,90
4294967293,89
4294967293,88
4294967293,87
4294967293,86
4294967293,85
4294967293,84
4294967293,83
4294967293,82
4294967293,81
4294967293,80
4294967293,79
4294967293,78
4294967293,77
4294967293,76
4294967293,75
4294967293,74
4294967293,73
4294967293,72
4294967293,71
4294967293,70
4294967293,69
4294967293,68
4294967293,67
4294967293,66
4294967293,65
4294967293,64
4294967293,63
4294967293,62
4294967293,61
4294967293,60
4294967293,59
4294967293,58
4294967293,57
4294967293,56
4294967293,55
4294967293,54
4294967293,53
4294967293,52
4294967293,51
4294967293,50
4294967293,49
4294967293,48
